HRS_VECTOR=[0.6666666666666666, 0.6666666666666666]
HRS=1.3333333333333333
HRS_NFEATURES_MINUS_HRS=0.6666666666666667
HRS_SIMILARITY_PERC=33.33%
