HRS_VECTOR=[0.6666666666666666, 0.6666666666666666]
HRS=1.3333333333333333
