HRS_VECTOR=[0.3333333333333333, 0.0]
HRS=0.3333333333333333
HRS_NFEATURES_MINUS_HRS=1.6666666666666667
HRS_SIMILARITY_PERC=83.33%
