HRS_VECTOR=[0.6666666666666667, 0.33333333333333337]
HRS=1.0
HRS_NFEATURES_MINUS_HRS=1.0
HRS_SIMILARITY_PERC=50.0%
